0.000100
0.010100
0.020100
0.030100
0.040100
0.050100
0.060100
0.070100
0.080100
0.090100
0.100100
0.110100
0.120100
0.130100
0.140100
0.150100
0.160100
0.170100
0.180100
0.190100
0.200100
0.210100
0.220100
0.230100
0.240100
0.250100
0.260100
0.270100
0.280100
0.290100
0.300100
0.310100
0.320100
0.330100
0.340100
0.350100
0.360100
0.370100
0.380100
0.390100
0.400100
0.410100
0.420100
0.430100
0.440100
0.450100
0.460100
0.470100
0.480100
0.490100
0.500100
0.510100
0.520100
0.530100
0.540100
0.550100
0.560100
0.570100
0.580100
0.590100
0.600100
0.610100
0.620100
0.630100
0.640100
0.650100
0.660100
0.670100
0.680100
0.690100
0.700100
0.710100
0.720100
0.730100
0.740100
0.750100
0.760100
0.770100
0.780100
0.790100
0.800100
0.810100
0.820100
0.830100
0.840100
0.850100
0.860100
0.870100
0.880100
0.890100
0.900100
0.910100
0.920100
0.930100
0.940100
0.950100
0.960100
0.970100
0.980100
0.990100
1.000100
1.010100
1.020100
1.030100
1.040100
1.050100
1.060100
1.070100
1.080100
1.090100
1.100100
1.110100
1.120100
1.130100
1.140100
1.150100
1.160100
1.170100
1.180100
1.190100
1.200100
1.210100
1.220100
1.230100
1.240100
1.250100
1.260100
1.270100
1.280100
1.290100
1.300100
1.310100
1.320100
1.330100
1.340100
1.350100
1.360100
1.370100
1.380100
1.390100
1.400100
1.410100
1.420100
1.430100
1.440100
1.450100
1.460100
1.470100
1.480100
1.490100
1.500100
1.510100
1.520100
1.530100
1.540100
1.550100
1.560100
1.570100
1.580100
1.590100
1.600100
1.610100
1.620100
1.630100
1.640100
1.650100
1.660100
1.670100
1.680100
1.690100
1.700100
1.710100
1.720100
1.730100
1.740100
1.750100
1.760100
1.770100
1.780100
1.790100
1.800100
1.810100
1.820100
1.830100
1.840100
1.850100
1.860100
1.870100
1.880100
1.890100
1.900100
1.910100
1.920100
1.930100
1.940100
1.950100
1.960100
1.970100
1.980100
1.990100
2.000100
2.010100
2.020100
2.030100
2.040100
2.050100
2.060100
2.070100
2.080100
2.090100
2.100100
2.110100
2.120100
2.130100
2.140100
2.150100
2.160100
2.170100
2.180100
2.190100
2.200100
2.210100
2.220100
2.230100
2.240100
2.250100
2.260100
2.270100
2.280100
2.290100
2.300100
2.310100
2.320100
2.330100
2.340100
2.350100
2.360100
2.370100
2.380100
2.390100
2.400100
2.410100
2.420100
2.430100
2.440100
2.450100
2.460100
2.470100
2.480100
2.490100
2.500100
2.510100
2.520100
2.530100
2.540100
2.550100
2.560100
2.570100
2.580100
2.590100
2.600100
2.610100
2.620100
2.630100
2.640100
2.650100
2.660100
2.670100
2.680100
2.690100
2.700100
2.710100
2.720100
2.730100
2.740100
2.750100
2.760100
2.770100
2.780100
2.790100
2.800100
2.810100
2.820100
2.830100
2.840100
2.850100
2.860100
2.870100
2.880100
2.890100
2.900100
2.910100
2.920100
2.930100
2.940100
2.950100
2.960100
2.970100
2.980100
2.990100
3.000100
3.010100
3.020100
3.030100
3.040100
3.050100
3.060100
3.070100
3.080100
3.090100
3.100100
3.110100
3.120100
3.130100
3.140100
3.150100
3.160100
3.170100
3.180100
3.190100
3.200100
3.210100
3.220100
3.230100
3.240100
3.250100
3.260100
3.270100
3.280100
3.290100
3.300100
3.310100
3.320100
3.330100
3.340100
3.350100
3.360100
3.370100
3.380100
3.390100
3.400100
3.410100
3.420100
3.430100
3.440100
3.450100
3.460100
3.470100
3.480100
3.490100
3.500100
3.510100
3.520100
3.530100
3.540100
3.550100
3.560100
3.570100
3.580100
3.590100
3.600100
3.610100
3.620100
3.630100
3.640100
3.650100
3.660100
3.670100
3.680100
3.690100
3.700100
3.710100
3.720100
3.730100
3.740100
3.750100
3.760100
3.770100
3.780100
3.790100
3.800100
3.810100
3.820100
3.830100
3.840100
3.850100
3.860100
3.870100
3.880100
3.890100
3.900100
3.910100
3.920100
3.930100
3.940100
3.950100
3.960100
3.970100
3.980100
3.990100
